
1 2
2 3
2 96
2 97
2 116
3 4
4 5
5 6
6 7
7 8
8 9
8 50
8 51
9 10
9 102
9 103
10 11
11 12
11 33
11 34
12 13
13 14
13 68
13 69
14 15
14 68
14 161
15 16
16 17
17 18
18 19
19 20
20 81
20 122
20 140
21 22
22 23
23 24
23 92
23 93
24 25
25 26
26 27
27 28
28 29
29 30
30 31
30 49
30 50
31 101
31 102
32 33
34 35
35 36
35 70
35 118
36 37
37 38
38 39
39 40
40 41
41 42
41 126
41 127
42 43
44 45
45 46
45 88
45 89
46 47
47 48
47 74
47 75
48 49
49 101￼
49 164 
51 52
52 53
53 54
53 117
53 118
54 55
55 56
56 57
57 58
57 124
57 125
58 59
59 60
60 61
61 62
63 64
63 89
64 65
65 66
66 67
66 76
66 77
67 68
68 162
69 70
70 71
70 119
71 105
71 107
72 73
73 74
73 87
73 88

